my.point.lon=113.958336
my.point.lat=22.54642